!2008-08-23 00:00:00 UTC
8 40.0 !number of earth tidal potential, cut-off depth for applying tidal potential
Q1
 1 0.019256 6.49585E-05 1.14506 342.796
O1
 1 0.100514 6.75977E-05 1.14506 316.301
P1
 1 0.046843 7.25229E-05 1 118.339
K1
 1 0.141565 7.29212E-05 1.08961 247.039
N2
 2 0.046398 0.00013788 0.972871 232.033
M2
 2 0.242334 0.000140519 0.972871 205.538
S2
 2 0.112841 0.000145444 1 0
K2
 2 0.030704 0.000145842 1.23623 314.63
15 !nbfr
Q1
 6.49585E-05 1.14506 342.796
O1
 6.75977E-05 1.14506 316.301
P1
 7.25229E-05 1 118.339
K1
 7.29212E-05 1.08961 247.039
N2
 0.00013788 0.972871 232.033
M2
 0.000140519 0.972871 205.538
S2
 0.000145444 1 0
K2
 0.000145842 1.23623 314.63
Mm
 2.6392E-06 0.904626 333.505
Mf
 5.32341E-06 1.34635 112.935
M4
 0.000281038 0.946479 51.0759
MN4
 0.000278399 0.946479 77.5706
MS4
 0.000285963 0.972871 205.538
2N2
 0.00013524 0.972871 258.527
S1
 7.27221E-05 1 180
1 !nope
75 3 0 0 0 !open bnd 1
Q1
 0.013826  180.497687
 0.013742  179.097694
 0.013658  177.714383
 0.013624  177.112946
 0.013626  177.067343
 0.013627  177.018582
 0.013628  176.951058
 0.013629  176.875867
 0.013630  176.799447
 0.013630  176.722345
 0.013630  176.649979
 0.013631  176.598988
 0.013632  176.516606
 0.013633  176.417745
 0.013632  176.317269
 0.013631  176.218788
 0.013629  176.121569
 0.013627  176.024746
 0.013625  175.933838
 0.013622  175.842322
 0.013619  175.752618
 0.013618  175.664562
 0.013617  175.575975
 0.013616  175.492409
 0.013614  175.412348
 0.013613  175.310164
 0.013611  175.215375
 0.013609  175.125465
 0.013607  175.034103
 0.013605  174.949062
 0.013603  174.870992
 0.013602  174.794438
 0.013600  174.731020
 0.013599  174.661223
 0.013597  174.594219
 0.013595  174.544367
 0.013593  174.518160
 0.013591  174.474551
 0.013589  174.440645
 0.013588  174.412252
 0.013587  174.377896
 0.013585  174.356666
 0.013583  174.342096
 0.013581  174.337724
 0.013578  174.339369
 0.013576  174.337418
 0.013573  174.345363
 0.013571  174.370016
 0.013573  174.387373
 0.013573  174.399832
 0.013574  174.435602
 0.013575  174.473353
 0.013575  174.511217
 0.013576  174.554649
 0.013577  174.611368
 0.013578  174.671547
 0.013579  174.738956
 0.013581  174.810133
 0.013590  174.853745
 0.013601  174.905889
 0.013610  174.968149
 0.013612  175.062333
 0.013615  175.165970
 0.013617  175.261131
 0.013621  175.363269
 0.013624  175.469313
 0.013628  175.584061
 0.013629  175.756592
 0.013631  175.929934
 0.013633  176.106738
 0.013636  176.284340
 0.013639  176.462897
 0.013642  176.643004
 0.013659  177.057210
 0.013676  177.479755
O1
 0.062916  190.927462
 0.062553  189.185984
 0.062194  187.466814
 0.062075  186.712381
 0.062130  186.640268
 0.062178  186.569094
 0.062231  186.474603
 0.062285  186.370845
 0.062336  186.267620
 0.062385  186.164824
 0.062429  186.071641
 0.062473  186.008522
 0.062526  185.905432
 0.062579  185.784028
 0.062632  185.665080
 0.062677  185.552092
 0.062720  185.442460
 0.062761  185.333821
 0.062790  185.238254
 0.062820  185.141411
 0.062846  185.048375
 0.062878  184.958884
 0.062916  184.868333
 0.062946  184.787420
 0.062970  184.713493
 0.063004  184.607108
 0.063030  184.513225
 0.063050  184.427449
 0.063072  184.339299
 0.063087  184.261347
 0.063107  184.191497
 0.063127  184.123549
 0.063134  184.075654
 0.063147  184.018111
 0.063158  183.964836
 0.063154  183.938219
 0.063131  183.947866
 0.063123  183.932241
 0.063108  183.930718
 0.063091  183.936574
 0.063079  183.933943
 0.063056  183.949863
 0.063028  183.975034
 0.062991  184.014142
 0.062950  184.061355
 0.062912  184.103736
 0.062866  184.159325
 0.062816  184.239682
 0.062787  184.327617
 0.062757  184.410039
 0.062716  184.524410
 0.062673  184.641416
 0.062630  184.758570
 0.062585  184.882968
 0.062533  185.024263
 0.062480  185.169820
 0.062423  185.324095
 0.062365  185.482790
 0.062361  185.623127
 0.062363  185.776577
 0.062354  185.944556
 0.062306  186.159522
 0.062258  186.382699
 0.062209  186.599210
 0.062161  186.821637
 0.062114  187.046880
 0.062068  187.284744
 0.062029  187.610370
 0.061990  187.936244
 0.061953  188.261842
 0.061916  188.587135
 0.061881  188.910814
 0.061847  189.231372
 0.061898  189.756934
 0.061952  190.288854
P1
 0.026281  190.260803
 0.026057  188.099858
 0.025836  185.967026
 0.025758  185.026284
 0.025787  184.927520
 0.025811  184.831510
 0.025838  184.705817
 0.025866  184.568413
 0.025892  184.432359
 0.025917  184.297270
 0.025940  184.175610
 0.025961  184.093238
 0.025987  183.960665
 0.026014  183.806106
 0.026037  183.657530
 0.026057  183.517567
 0.026076  183.382398
 0.026093  183.248642
 0.026105  183.133183
 0.026117  183.015951
 0.026128  182.904013
 0.026141  182.798671
 0.026156  182.692927
 0.026168  182.600511
 0.026177  182.517852
 0.026189  182.393193
 0.026198  182.285384
 0.026204  182.188460
 0.026211  182.088358
 0.026215  182.001862
 0.026220  181.927348
 0.026226  181.855545
 0.026226  181.810136
 0.026228  181.752062
 0.026229  181.699605
 0.026224  181.683956
 0.026212  181.718795
 0.026206  181.720537
 0.026197  181.741161
 0.026189  181.772624
 0.026182  181.793085
 0.026171  181.837524
 0.026157  181.893837
 0.026140  181.967917
 0.026120  182.052267
 0.026102  182.130501
 0.026080  182.225401
 0.026055  182.353756
 0.026040  182.507191
 0.026027  182.648077
 0.026008  182.831586
 0.025988  183.018571
 0.025969  183.205751
 0.025948  183.402412
 0.025923  183.620994
 0.025898  183.845036
 0.025871  184.080143
 0.025843  184.320795
 0.025841  184.554773
 0.025841  184.808866
 0.025836  185.079852
 0.025813  185.403895
 0.025789  185.738142
 0.025765  186.064403
 0.025741  186.397953
 0.025718  186.734756
 0.025695  187.089314
 0.025675  187.568335
 0.025656  188.047471
 0.025637  188.524864
 0.025619  189.001454
 0.025600  189.474999
 0.025583  189.942767
 0.025619  190.662707
 0.025657  191.390057
K1
 0.073346  186.064298
 0.073449  183.636319
 0.073547  181.239989
 0.073667  180.206482
 0.073816  180.136721
 0.073948  180.068276
 0.074100  179.972821
 0.074259  179.866621
 0.074411  179.761048
 0.074558  179.655963
 0.074690  179.562755
 0.074804  179.507224
 0.074950  179.405344
 0.075104  179.282413
 0.075247  179.165139
 0.075374  179.054500
 0.075491  178.947563
 0.075607  178.841716
 0.075691  178.750039
 0.075778  178.656987
 0.075857  178.568038
 0.075938  178.485079
 0.076029  178.402374
 0.076099  178.330068
 0.076153  178.264897
 0.076239  178.160478
 0.076302  178.069600
 0.076351  177.987478
 0.076403  177.902797
 0.076438  177.829082
 0.076474  177.766196
 0.076509  177.705686
 0.076510  177.666513
 0.076528  177.617097
 0.076538  177.572222
 0.076507  177.558515
 0.076423  177.588117
 0.076378  177.590617
 0.076312  177.609024
 0.076239  177.637883
 0.076178  177.657773
 0.076090  177.697200
 0.075988  177.746290
 0.075865  177.809822
 0.075731  177.881694
 0.075603  177.948599
 0.075457  178.029030
 0.075288  178.139750
 0.075123  178.282048
 0.074973  178.419507
 0.074784  178.592400
 0.074591  178.768159
 0.074397  178.944078
 0.074195  179.127758
 0.073973  179.329255
 0.073746  179.535141
 0.073509  179.749856
 0.073266  179.968948
 0.073092  180.201439
 0.072914  180.454013
 0.072716  180.722759
 0.072449  181.043562
 0.072178  181.371019
 0.071909  181.693842
 0.071637  182.021298
 0.071365  182.350400
 0.071090  182.700561
 0.070790  183.200728
 0.070490  183.700577
 0.070194  184.196280
 0.069899  184.690527
 0.069607  185.180425
 0.069320  185.662227
 0.069119  186.428909
 0.068922  187.203737
N2
 0.156569  288.360250
 0.147020  306.491682
 0.137571  324.384924
 0.133642  331.885939
 0.133676  332.029821
 0.133634  332.176715
 0.133518  332.266768
 0.133368  332.333810
 0.133186  332.400507
 0.132985  332.466926
 0.132763  332.549604
 0.132604  332.693223
 0.132401  332.753674
 0.132137  332.771987
 0.131700  332.801712
 0.131237  332.834915
 0.130762  332.869848
 0.130285  332.905259
 0.129776  332.945784
 0.129270  332.985859
 0.128756  333.027277
 0.128305  333.072258
 0.127902  333.118357
 0.127489  333.167269
 0.127066  333.213150
 0.126576  333.187202
 0.126086  333.167661
 0.125598  333.152215
 0.125110  333.135586
 0.124626  333.123974
 0.124211  333.112883
 0.123807  333.102155
 0.123420  333.100798
 0.123025  333.094972
 0.122633  333.091141
 0.122298  333.111761
 0.122059  333.169962
 0.121782  333.214603
 0.121533  333.260752
 0.121327  333.288476
 0.121107  333.311325
 0.120917  333.344759
 0.120742  333.383385
 0.120591  333.429712
 0.120454  333.480452
 0.120309  333.528567
 0.120188  333.583805
 0.120081  333.670964
 0.120044  333.760260
 0.119964  333.829905
 0.119948  333.925186
 0.119937  334.022578
 0.119927  334.120088
 0.119933  334.223389
 0.119978  334.340180
 0.120033  334.460364
 0.120109  334.587480
 0.120198  334.718102
 0.120395  334.857035
 0.120661  335.011541
 0.120904  335.168621
 0.121027  335.327551
 0.121213  335.497454
 0.121339  335.657778
 0.121513  335.826146
 0.121715  335.998834
 0.121912  336.192799
 0.122045  336.534123
 0.122185  336.876186
 0.122363  337.220506
 0.122551  337.565183
 0.122758  337.909446
 0.122997  338.252698
 0.125487  338.813462
 0.128062  339.381369
M2
 0.615284  304.841031
 0.594627  322.957036
 0.574131  340.833916
 0.565472  348.324276
 0.565417  348.463651
 0.565057  348.603212
 0.564400  348.705820
 0.563610  348.793315
 0.562693  348.879591
 0.561699  348.965034
 0.560597  349.060468
 0.559687  349.198881
 0.558628  349.277062
 0.557347  349.323025
 0.555427  349.372060
 0.553397  349.421612
 0.551315  349.471318
 0.549218  349.521051
 0.546984  349.570412
 0.544761  349.619839
 0.542505  349.669071
 0.540452  349.721261
 0.538561  349.775530
 0.536626  349.829049
 0.534648  349.877300
 0.532480  349.868322
 0.530307  349.861320
 0.528135  349.855582
 0.525962  349.849478
 0.523802  349.844928
 0.521915  349.840529
 0.520075  349.836242
 0.518297  349.834875
 0.516486  349.832114
 0.514688  349.829974
 0.513081  349.844380
 0.511796  349.886080
 0.510365  349.921779
 0.509058  349.956146
 0.507966  349.974991
 0.506824  349.991567
 0.505795  350.013052
 0.504827  350.036924
 0.503956  350.064305
 0.503143  350.093680
 0.502295  350.121871
 0.501547  350.153263
 0.500809  350.206455
 0.500256  350.270615
 0.499634  350.317421
 0.499238  350.380361
 0.498863  350.444626
 0.498488  350.508965
 0.498172  350.576932
 0.498000  350.653329
 0.497867  350.731840
 0.497817  350.814659
 0.497812  350.899652
 0.497996  351.013531
 0.498400  351.142426
 0.498785  351.269927
 0.498990  351.386148
 0.499412  351.511156
 0.499629  351.628436
 0.500008  351.752169
 0.500486  351.879408
 0.500967  352.022296
 0.501361  352.273141
 0.501780  352.524619
 0.502333  352.778232
 0.502922  353.032235
 0.503576  353.286172
 0.504346  353.539790
 0.509700  328.644754
 0.515235  302.862646
S2
 0.129845  17.466316
 0.124278  15.384351
 0.118760  13.333087
 0.116420  12.579280
 0.116380  12.742919
 0.116273  12.906646
 0.116090  13.022268
 0.115873  13.118235
 0.115628  13.212662
 0.115367  13.306047
 0.115087  13.411301
 0.114867  13.567899
 0.114605  13.651655
 0.114288  13.696532
 0.113819  13.747325
 0.113330  13.798575
 0.112832  13.849944
 0.112331  13.901328
 0.111807  13.952193
 0.111285  14.003140
 0.110758  14.053847
 0.110287  14.106766
 0.109857  14.161320
 0.109423  14.214971
 0.108984  14.262613
 0.108491  14.244971
 0.108004  14.229637
 0.107521  14.215795
 0.107037  14.201518
 0.106560  14.189108
 0.106154  14.175662
 0.105759  14.162160
 0.105388  14.152321
 0.105004  14.140718
 0.104626  14.129895
 0.104303  14.137220
 0.104068  14.174348
 0.103791  14.204231
 0.103547  14.232130
 0.103354  14.240134
 0.103147  14.245320
 0.102972  14.256648
 0.102813  14.271018
 0.102681  14.289939
 0.102565  14.311491
 0.102439  14.331476
 0.102339  14.355732
 0.102249  14.405025
 0.102207  14.457882
 0.102146  14.489897
 0.102143  14.541270
 0.102147  14.594261
 0.102150  14.647344
 0.102168  14.704923
 0.102222  14.773100
 0.102286  14.843991
 0.102370  14.920491
 0.102465  14.999874
 0.102599  15.101645
 0.102785  15.219755
 0.102968  15.336791
 0.103120  15.442551
 0.103319  15.560066
 0.103474  15.666981
 0.103664  15.782585
 0.103875  15.903096
 0.104089  16.041934
 0.104302  16.306050
 0.104521  16.571186
 0.104766  16.840448
 0.105018  17.110618
 0.105283  17.381662
 0.105569  17.654036
 0.107116  18.159132
 0.108710  18.672385
K2
 0.032600  37.049361
 0.029600  31.972339
 0.026635  26.962127
 0.025395  24.910855
 0.025383  24.956763
 0.025360  24.998074
 0.025361  24.982908
 0.025370  24.944644
 0.025375  24.903557
 0.025378  24.860773
 0.025371  24.838588
 0.025347  24.902632
 0.025352  24.874215
 0.025365  24.796903
 0.025334  24.693896
 0.025298  24.598401
 0.025260  24.507027
 0.025222  24.416857
 0.025176  24.341972
 0.025131  24.265620
 0.025084  24.193649
 0.025048  24.150263
 0.025020  24.121434
 0.024989  24.104702
 0.024956  24.091626
 0.024926  23.975913
 0.024894  23.878455
 0.024860  23.792750
 0.024826  23.703624
 0.024791  23.629097
 0.024765  23.569180
 0.024741  23.512441
 0.024714  23.483640
 0.024688  23.441469
 0.024662  23.405245
 0.024640  23.428527
 0.024627  23.540832
 0.024615  23.614627
 0.024606  23.701904
 0.024610  23.770460
 0.024614  23.825756
 0.024617  23.909864
 0.024620  24.008127
 0.024621  24.127420
 0.024621  24.258785
 0.024622  24.382968
 0.024622  24.526655
 0.024608  24.732314
 0.024630  24.993601
 0.024656  25.177444
 0.024678  25.431262
 0.024699  25.690847
 0.024721  25.950757
 0.024741  26.226514
 0.024758  26.539214
 0.024774  26.861226
 0.024788  27.202270
 0.024801  27.552958
 0.024855  28.038548
 0.024914  28.592308
 0.024969  29.123139
 0.025012  29.539115
 0.025052  30.002187
 0.025094  30.422754
 0.025135  30.878136
 0.025175  31.353213
 0.025210  31.850329
 0.025216  32.482626
 0.025222  33.119203
 0.025225  33.775466
 0.025228  34.436511
 0.025230  35.104564
 0.025229  35.784508
 0.025657  37.952778
 0.026099  40.174892
Mm
 0.002105  237.784454
 0.002105  237.747699
 0.002105  237.711466
 0.002103  237.789798
 0.002100  237.954201
 0.002098  238.110943
 0.002095  238.261933
 0.002093  238.409990
 0.002090  238.553885
 0.002088  238.695076
 0.002086  238.829701
 0.002084  238.962944
 0.002082  239.085068
 0.002080  239.195526
 0.002078  239.312599
 0.002077  239.419223
 0.002075  239.520176
 0.002074  239.619482
 0.002072  239.698192
 0.002071  239.778866
 0.002070  239.853678
 0.002069  239.921695
 0.002068  239.990484
 0.002068  240.045013
 0.002067  240.085780
 0.002067  240.123098
 0.002067  240.145909
 0.002067  240.159495
 0.002067  240.175734
 0.002067  240.180773
 0.002067  240.175975
 0.002068  240.168995
 0.002069  240.141600
 0.002069  240.123884
 0.002070  240.101820
 0.002071  240.061784
 0.002072  240.001857
 0.002073  239.963701
 0.002074  239.910985
 0.002076  239.844006
 0.002077  239.783953
 0.002079  239.708941
 0.002080  239.626690
 0.002082  239.533846
 0.002084  239.435007
 0.002086  239.339726
 0.002088  239.234850
 0.002090  239.121857
 0.002092  239.010512
 0.002094  238.906432
 0.002096  238.783976
 0.002099  238.660075
 0.002101  238.536095
 0.002103  238.408283
 0.002106  238.271892
 0.002108  238.133465
 0.002111  237.991058
 0.002113  237.846755
 0.002116  237.707958
 0.002118  237.563055
 0.002121  237.418081
 0.002123  237.277073
 0.002126  237.132126
 0.002128  236.990178
 0.002130  236.845433
 0.002133  236.699502
 0.002135  236.555369
 0.002137  236.424755
 0.002139  236.294119
 0.002141  236.164012
 0.002143  236.034137
 0.002145  235.905120
 0.002147  235.777724
 0.002149  235.669947
 0.002151  235.563274
Mf
 0.002691  261.768935
 0.002685  261.736756
 0.002679  261.704795
 0.002676  261.857565
 0.002674  262.150496
 0.002673  262.429063
 0.002671  262.697748
 0.002670  262.961318
 0.002668  263.217189
 0.002667  263.468069
 0.002666  263.706586
 0.002665  263.941589
 0.002664  264.158327
 0.002663  264.354685
 0.002662  264.561115
 0.002661  264.748521
 0.002661  264.925614
 0.002660  265.099714
 0.002660  265.236485
 0.002660  265.376810
 0.002660  265.506520
 0.002660  265.623526
 0.002660  265.741670
 0.002660  265.834028
 0.002660  265.901908
 0.002660  265.968533
 0.002660  266.008709
 0.002660  266.032071
 0.002661  266.060266
 0.002661  266.068053
 0.002662  266.058996
 0.002662  266.046134
 0.002663  265.996090
 0.002664  265.963675
 0.002665  265.923340
 0.002666  265.848065
 0.002668  265.732718
 0.002669  265.657453
 0.002671  265.555813
 0.002673  265.429528
 0.002674  265.316012
 0.002676  265.174925
 0.002678  265.020504
 0.002680  264.846589
 0.002682  264.661647
 0.002685  264.483248
 0.002687  264.287213
 0.002689  264.075685
 0.002693  263.864082
 0.002696  263.665946
 0.002699  263.433667
 0.002703  263.198708
 0.002706  262.963601
 0.002710  262.721406
 0.002713  262.463364
 0.002717  262.201573
 0.002721  261.932475
 0.002724  261.659907
 0.002728  261.397046
 0.002732  261.122938
 0.002737  260.847920
 0.002741  260.577186
 0.002746  260.299817
 0.002750  260.027327
 0.002755  259.750162
 0.002759  259.471143
 0.002764  259.194704
 0.002769  258.937473
 0.002774  258.680316
 0.002779  258.424822
 0.002784  258.169951
 0.002789  257.917081
 0.002794  257.667958
 0.002798  257.469468
 0.002802  257.273670
M4
 0.008322  219.718311
 0.008101  221.430189
 0.007863  223.133648
 0.007702  224.487713
 0.007634  225.600360
 0.007515  226.698983
 0.007405  228.113221
 0.007296  229.652636
 0.007167  231.183486
 0.007026  232.707563
 0.006854  234.492714
 0.006661  237.278760
 0.006525  239.716031
 0.006398  241.978245
 0.006231  243.695413
 0.006035  245.514250
 0.005825  247.381712
 0.005611  249.262267
 0.005353  251.270757
 0.005098  253.268655
 0.004832  255.298310
 0.004686  259.810952
 0.004626  265.894538
 0.004550  272.165635
 0.004453  278.297714
 0.004294  280.737545
 0.004123  283.497287
 0.003944  286.453515
 0.003767  289.355209
 0.003583  292.479843
 0.003561  296.388017
 0.003564  300.431453
 0.003555  304.811025
 0.003553  309.038548
 0.003547  313.337893
 0.003622  318.030583
 0.003845  323.167421
 0.004064  328.038118
 0.004294  332.461712
 0.004553  334.764639
 0.004813  336.946039
 0.005071  339.386690
 0.005328  341.948776
 0.005582  344.682588
 0.005833  347.510430
 0.006085  350.282781
 0.006333  353.202072
 0.006612  346.557244
 0.007046  318.298339
 0.007477  291.107008
 0.007916  259.092426
 0.008355  226.698256
 0.008793  194.283218
 0.009231  160.861950
 0.009665  125.186060
 0.010097  88.974859
 0.010524  51.716695
 0.010947  13.959324
 0.011457  9.429603
 0.011973  10.478919
 0.012510  11.463832
 0.013131  12.147835
 0.013718  12.935135
 0.014340  13.628013
 0.014936  14.397500
 0.015513  15.211175
 0.016120  15.989548
 0.016966  16.465107
 0.017806  16.951088
 0.018608  17.490231
 0.019399  18.043157
 0.020167  18.620597
 0.020894  19.241025
 0.021822  20.196560
 0.022748  21.170737
MN4
 0.009759  148.105353
 0.010172  155.514383
 0.010568  162.822569
 0.010658  166.092494
 0.010551  166.521814
 0.010418  166.925554
 0.010280  167.422441
 0.010138  167.955073
 0.009986  168.475899
 0.009829  168.988947
 0.009659  169.471701
 0.009485  169.910774
 0.009315  170.457869
 0.009138  171.038707
 0.008937  171.505817
 0.008725  171.948227
 0.008508  172.376789
 0.008290  172.801261
 0.008058  173.172214
 0.007827  173.548375
 0.007593  173.908991
 0.007365  174.364982
 0.007145  174.896034
 0.006920  175.393912
 0.006694  175.856207
 0.006495  176.292795
 0.006293  176.691612
 0.006089  177.065691
 0.005886  177.447086
 0.005682  177.796822
 0.005509  178.337908
 0.005341  178.907639
 0.005175  179.410658
 0.005008  179.946411
 0.004841  180.467990
 0.004670  180.990416
 0.004492  181.543742
 0.004309  182.173354
 0.004139  182.880312
 0.004014  183.985386
 0.003887  185.128239
 0.003763  186.185269
 0.003642  187.195513
 0.003526  188.129525
 0.003412  189.016241
 0.003296  189.931443
 0.003185  190.766365
 0.003065  191.472656
 0.002924  192.988861
 0.002847  195.746134
 0.002765  198.134549
 0.002683  200.487977
 0.002600  202.839286
 0.002517  205.084995
 0.002433  207.061072
 0.002349  208.960731
 0.002264  210.692069
 0.002180  212.330116
 0.002042  214.961471
 0.001893  217.449369
 0.001771  220.510077
 0.001759  225.936864
 0.001735  230.690994
 0.001721  236.111677
 0.001700  241.022757
 0.001673  245.603202
 0.001669  250.157908
 0.001830  254.968149
 0.001990  259.678927
 0.002142  263.836363
 0.002292  267.843423
 0.002436  271.551082
 0.002573  274.725128
 0.002859  282.443428
 0.003149  290.226081
MS4
 0.008672  127.479705
 0.008741  114.298561
 0.008806  101.292106
 0.008776  95.819766
 0.008682  95.676984
 0.008584  95.537888
 0.008488  95.426043
 0.008393  95.325587
 0.008296  95.227816
 0.008200  95.131795
 0.008105  95.052514
 0.008015  95.018759
 0.007917  94.929483
 0.007815  94.812055
 0.007690  94.597304
 0.007569  94.402789
 0.007450  94.219233
 0.007332  94.038855
 0.007222  93.898064
 0.007112  93.753507
 0.007005  93.620198
 0.006904  93.504591
 0.006804  93.390508
 0.006713  93.303942
 0.006627  93.235444
 0.006527  93.060807
 0.006436  92.920697
 0.006351  92.802724
 0.006264  92.678334
 0.006185  92.581231
 0.006117  92.508557
 0.006050  92.441334
 0.006000  92.425524
 0.005941  92.385180
 0.005887  92.355782
 0.005854  92.421089
 0.005854  92.623891
 0.005832  92.759779
 0.005825  92.938613
 0.005832  93.154565
 0.005833  93.349146
 0.005849  93.589861
 0.005872  93.852870
 0.005906  94.148451
 0.005947  94.462444
 0.005983  94.765511
 0.006031  95.098012
 0.006087  95.437752
 0.006159  95.786968
 0.006234  96.138376
 0.006330  96.536703
 0.006428  96.938615
 0.006526  97.340720
 0.006628  97.752100
 0.006742  98.183664
 0.006858  98.619798
 0.006979  99.064531
 0.007104  99.513130
 0.007211  99.842158
 0.007324  100.159018
 0.007450  100.512623
 0.007618  101.002959
 0.007788  101.477391
 0.007957  101.969476
 0.008128  102.449120
 0.008299  102.919376
 0.008473  103.401185
 0.008668  103.979760
 0.008863  104.554753
 0.009056  105.107825
 0.009248  105.654665
 0.009439  106.187884
 0.009625  106.696538
 0.009828  107.704826
 0.010031  108.725946
2N2
 0.031328  281.128152
 0.029681  298.081863
 0.028050  314.811946
 0.027292  321.827278
 0.027158  321.967049
 0.027015  322.106963
 0.026877  322.194137
 0.026741  322.259820
 0.026602  322.324074
 0.026462  322.387384
 0.026320  322.466746
 0.026185  322.611370
 0.026056  322.677010
 0.025926  322.701465
 0.025758  322.726551
 0.025592  322.754744
 0.025428  322.784487
 0.025265  322.814657
 0.025110  322.849433
 0.024954  322.883804
 0.024801  322.919387
 0.024666  322.968734
 0.024541  323.025880
 0.024423  323.086161
 0.024313  323.143521
 0.024185  323.127480
 0.024068  323.118100
 0.023959  323.112953
 0.023847  323.106590
 0.023744  323.105361
 0.023662  323.105648
 0.023584  323.106457
 0.023524  323.116636
 0.023455  323.122367
 0.023391  323.130094
 0.023358  323.165634
 0.023371  323.244465
 0.023360  323.309406
 0.023366  323.372356
 0.023396  323.403532
 0.023418  323.429486
 0.023457  323.466775
 0.023506  323.509618
 0.023567  323.560692
 0.023635  323.616479
 0.023700  323.669463
 0.023776  323.730050
 0.023861  323.828901
 0.023996  323.942241
 0.024122  324.000327
 0.024276  324.094242
 0.024433  324.191153
 0.024589  324.288235
 0.024752  324.393644
 0.024928  324.518693
 0.025108  324.648774
 0.025294  324.789257
 0.025483  324.935089
 0.025708  325.139103
 0.025954  325.377199
 0.026204  325.601310
 0.026461  325.757592
 0.026727  325.941392
 0.026985  326.099902
 0.027250  326.278849
 0.027518  326.469680
 0.027786  326.670955
 0.028058  326.932903
 0.028331  327.197646
 0.028603  327.475983
 0.028874  327.757744
 0.029144  328.045136
 0.029412  328.342282
 0.029857  329.463287
 0.030308  330.614731
S1
 0.004080  169.986459
 0.003779  169.277043
 0.003480  168.610034
 0.003302  168.913702
 0.003211  169.868802
 0.003119  170.866626
 0.003025  172.202291
 0.002931  173.675126
 0.002837  175.163555
 0.002744  176.660130
 0.002654  178.129916
 0.002573  179.456667
 0.002491  181.221782
 0.002411  183.267102
 0.002347  186.338532
 0.002285  189.292262
 0.002225  192.178057
 0.002165  195.043491
 0.002109  197.632434
 0.002054  200.248714
 0.001999  202.783429
 0.001954  205.325220
 0.001913  207.943232
 0.001876  210.354029
 0.001846  212.621048
 0.001846  215.727089
 0.001848  218.546641
 0.001852  221.178992
 0.001856  223.866589
 0.001862  226.315567
 0.001885  228.186926
 0.001911  229.951337
 0.001941  231.238358
 0.001969  232.755312
 0.001998  234.170702
 0.002015  234.988484
 0.002009  235.005651
 0.002002  235.621321
 0.001998  235.840626
 0.002000  235.658724
 0.002003  235.673469
 0.002005  235.258528
 0.002008  234.629499
 0.002010  233.678120
 0.002012  232.539419
 0.002014  231.512385
 0.002016  230.180226
 0.002036  228.773889
 0.002068  227.180676
 0.002090  225.587576
 0.002121  223.445160
 0.002153  221.257662
 0.002184  219.067624
 0.002218  216.754081
 0.002255  214.153539
 0.002294  211.481001
 0.002335  208.661787
 0.002377  205.768585
 0.002449  204.185229
 0.002532  202.609260
 0.002616  200.867007
 0.002702  198.599261
 0.002791  196.204134
 0.002878  193.917992
 0.002967  191.538929
 0.003058  189.111556
 0.003153  186.838761
 0.003275  185.716207
 0.003398  184.585106
 0.003521  183.414004
 0.003644  182.233073
 0.003767  181.037164
 0.003889  179.815661
 0.004091  179.026181
 0.004295  178.248744